name: NotePad
channels:
  - conda-forge
  - defaults
dependencies:
  - bzip2=1.0.8=h2466b09_7
  - ca-certificates=2024.8.30=h56e8100_0
  - libexpat=2.6.3=he0c23c2_0
  - libffi=3.4.2=h8ffe710_5
  - libsqlite=3.46.1=h2466b09_0
  - libzlib=1.3.1=h2466b09_1
  - openssl=3.3.2=h2466b09_0
  - pip=24.2=pyh8b19718_1
  - python=3.11.9=h631f459_0_cpython
  - setuptools=73.0.1=pyhd8ed1ab_0
  - tk=8.6.13=h5226925_1
  - tzdata=2024a=h8827d51_1
  - ucrt=10.0.22621.0=h57928b3_0
  - vc=14.3=h8a93ad2_20
  - vc14_runtime=14.40.33810=hcc2c482_20
  - vs2015_runtime=14.40.33810=h3bf8584_20
  - wheel=0.44.0=pyhd8ed1ab_0
  - xz=5.2.6=h8d14728_0
  - pip:
      - pyqt5==5.15.11
      - pyqt5-qt5==5.15.2
      - pyqt5-sip==12.15.0
prefix: C:\Users\gkswn\anaconda3\envs\NotePad
